node_id, lat, lon
283191842,21.41139,39.81221
283191845,21.41132,39.80992
283191847,21.41132,39.80857
283191850,21.41123,39.807
283191852,21.41091,39.80537
283191982,21.41087,39.80587
283191984,21.41112,39.80705
283191985,21.41118,39.80758
283191986,21.4112,39.80825
283191988,21.41123,39.81103
283192005,21.41135,39.81166
283192006,21.41135,39.81103
283192007,21.41132,39.80931
283192008,21.41131,39.80817
283192009,21.41129,39.80756
283192010,21.41113,39.80646
283192033,21.41013,39.80285
283192034,21.411,39.80646
283192053,21.41123,39.81024
283192054,21.41122,39.81165
283192063,21.4105,39.80379
289349505,21.41178,39.78224
295904736,21.39408,39.81032
295904737,21.39469,39.80908
344225005,21.40933,39.79883
344225035,21.4092,39.79874
344226152,21.40912,39.7826
344226153,21.40995,39.78243
344226154,21.41172,39.782
344226155,21.41327,39.7816
344226164,21.40999,39.78264
344226246,21.40031,39.78593
344226247,21.4011,39.78531
344226248,21.40166,39.78496
344226249,21.40242,39.78452
344226250,21.40346,39.78412
344226251,21.40444,39.78381
344226252,21.40534,39.78359
344226253,21.40647,39.78337
344226254,21.40779,39.78313
344226261,21.39972,39.78649
344226321,21.40015,39.78581
344226322,21.39956,39.78636
344226376,21.40097,39.78518
344226387,21.40813,39.78285
344226388,21.40702,39.78304
344226389,21.40598,39.78324
344226390,21.40491,39.78346
344226391,21.40387,39.78372
344226393,21.40277,39.78415
344226394,21.40174,39.78465
344226788,21.39892,39.78709
344226790,21.39842,39.7878
344226792,21.39789,39.78866
344226793,21.39736,39.78973
344226794,21.39691,39.79111
344226797,21.39664,39.79239
344226798,21.39609,39.79505
344226800,21.39571,39.79748
344226803,21.39568,39.79887
344226804,21.39566,39.80152
344226806,21.39558,39.80519
344226807,21.3954,39.80667
344226808,21.39516,39.80775
344226810,21.39495,39.80843
344227009,21.39272,39.81221
344227010,21.39336,39.81141
344227489,21.39428,39.81035
344227490,21.3946,39.80974
344227491,21.39491,39.80908
344227492,21.39517,39.80841
344227493,21.39541,39.80763
344227497,21.39585,39.80179
344227498,21.39586,39.79891
344227499,21.39589,39.79749
344227502,21.39684,39.79243
344227503,21.39245,39.81273
344227504,21.39318,39.81192
344227505,21.39388,39.811
495013507,21.41761,39.78075
1033636270,21.41071,39.8046
1033636276,21.39213,39.80927
1033636281,21.41127,39.8073
1033636282,21.41115,39.80731
1033636283,21.39503,39.80909
1033636284,21.41113,39.81003
1033636286,21.39388,39.80965
1033636287,21.39343,39.81104
1033636305,21.39033,39.80872
1033636306,21.41093,39.8079
1033636307,21.40008,39.8099
1033636309,21.39833,39.81164
1033636310,21.39474,39.8081
1033636312,21.39634,39.8097
1033636314,21.40043,39.81075
1033636328,21.38881,39.80851
1033636329,21.39714,39.79174
1033636331,21.40857,39.80963
1033636332,21.39568,39.80717
1033636333,21.41082,39.80957
1033636337,21.41136,39.80706
1033636341,21.396,39.79799
1033636352,21.41121,39.80858
1033636354,21.39389,39.81125
1033636356,21.3952,39.81007
1033636357,21.39341,39.80927
1033636361,21.39838,39.81077
1033636368,21.39716,39.79102
1033636371,21.39533,39.80661
1033636385,21.39865,39.81011
1033636390,21.41107,39.80754
1033636392,21.409,39.8085
1033636395,21.39593,39.80412
1033636396,21.41152,39.8116
1033636399,21.40322,39.81024
1033636404,21.41178,39.80761
1033636419,21.39121,39.80907
1033636422,21.39666,39.79384
1033636428,21.41109,39.81215
1033636431,21.39317,39.81144
1033636435,21.41083,39.80895
1033636440,21.4091,39.80898
1033636443,21.38916,39.80845
1033636458,21.39599,39.8019
1033636466,21.40016,39.81077
1033636469,21.39269,39.81275
1033636473,21.39804,39.81158
1033636476,21.39416,39.8094
1033636480,21.39385,39.80965
1033636482,21.39942,39.81083
1033636485,21.40956,39.80954
1033636487,21.41069,39.80517
1033636501,21.39589,39.80591
1033636505,21.39217,39.8126
1033636521,21.41116,39.80601
1033636524,21.3931,39.80945
1033636529,21.39602,39.79745
1033636531,21.40712,39.8098
1033636555,21.39554,39.8046
1033636559,21.39447,39.81033
1033636562,21.39482,39.80994
1033636565,21.39386,39.81012
1033636569,21.39147,39.80897
1033636573,21.41043,39.80401
1033636577,21.40702,39.80893
1033636598,21.39514,39.80724
1033636602,21.39753,39.80991
1033636608,21.41108,39.80785
1033636613,21.39585,39.80262
1033636618,21.41143,39.80773
1033636622,21.40152,39.81058
1033636626,21.38928,39.80865
1033636637,21.40587,39.80992
1033636640,21.41103,39.80593
1033636644,21.3954,39.80816
1033636646,21.3928,39.81194
1033636649,21.40825,39.8087
1033636651,21.41121,39.80922
1033636668,21.39344,39.8119
1033636670,21.39636,39.81063
1033636675,21.39503,39.80954
1033636687,21.39906,39.81083
1033636691,21.4002,39.81158
1033636696,21.39693,39.79257
1033636699,21.39545,39.80585
1033636700,21.41113,39.80957
1033636716,21.39891,39.81012
1033636719,21.39404,39.8097
1033636724,21.41097,39.80689
1033636727,21.40924,39.80957
1033636733,21.39593,39.80507
1033636735,21.4114,39.81251
1033636739,21.40453,39.81008
1033639984,21.39505,39.80932
1033640002,21.39458,39.80846
1033640004,21.39574,39.80822
1033640007,21.39572,39.80852
1033640011,21.39466,39.81016
1033640014,21.39458,39.81102
1033640018,21.39533,39.80918
1033640020,21.39455,39.80912
1033640028,21.3954,39.80959
1033640042,21.39375,39.81035
1033640051,21.39478,39.81032
1033640066,21.39559,39.80824
1033640075,21.39376,39.81156
1033640086,21.39515,39.80935
1033640093,21.39452,39.80886
1033640098,21.3957,39.80782
1033640100,21.39414,39.81
1033640119,21.39476,39.8108
1033640125,21.39456,39.81103
1033640131,21.39545,39.80884
1033640139,21.3956,39.80906
1033640148,21.3947,39.8102
1033640152,21.39431,39.81123
1033640162,21.39525,39.80929
1033640189,21.39451,39.80903
1033640193,21.39401,39.81004
1033640196,21.3948,39.81048
1033640200,21.39556,39.80847
1033678476,21.40244,39.79912
1033678499,21.39688,39.80935
1033678505,21.40137,39.78454
1033678511,21.39892,39.78677
1033678514,21.40154,39.78439
1033678524,21.40577,39.78351
1033678527,21.40881,39.79721
1033678528,21.39551,39.80329
1033678560,21.40225,39.78436
1033678569,21.4014,39.79963
1033678585,21.39843,39.79947
1033678587,21.39656,39.80974
1033678592,21.3998,39.78462
1033678614,21.4005,39.78475
1033678618,21.3988,39.79685
1033678624,21.40445,39.78394
1033678630,21.398,39.77603
1033678634,21.39711,39.79734
1033678637,21.40138,39.80224
1033678643,21.39597,39.79503
1033678674,21.40148,39.79666
1033678678,21.40097,39.78636
1033678686,21.401,39.78612
1033678690,21.39954,39.79679
1033678695,21.41072,39.78955
1033678699,21.39577,39.79668
1033678722,21.40578,39.80134
1033678726,21.39935,39.78366
1033678729,21.40047,39.7957
1033678734,21.40625,39.78601
1033678747,21.40134,39.78503
1033678769,21.39747,39.78915
1033678774,21.40879,39.79468
1033678781,21.40393,39.78406
1033678783,21.4014,39.80046
1033678789,21.40386,39.79756
1033678793,21.40459,39.78339
1033678820,21.39716,39.79681
1033678822,21.40723,39.80155
1033678825,21.40249,39.79859
1033678827,21.40522,39.80073
1033678829,21.40077,39.78583
1033678832,21.40074,39.80043
1033678835,21.39809,39.79682
1033678852,21.39587,39.80862
1033678857,21.39963,39.78555
1033678860,21.39988,39.78444
1033678867,21.39879,39.79531
1033678872,21.39553,39.79917
1033678876,21.39811,39.79739
1033678879,21.40195,39.79964
1033678905,21.40985,39.80195
1033678908,21.40198,39.78766
1033678912,21.39957,39.7955
1033678913,21.40906,39.79808
1033678916,21.39943,39.79572
1033678918,21.40383,39.78359
1033678921,21.40333,39.79948
1033678940,21.39604,39.81047
1033678947,21.40555,39.78369
1033678954,21.3968,39.80978
1033678958,21.406,39.7851
1033678962,21.40287,39.79845
1033678966,21.40888,39.7972
1033678993,21.39763,39.77232
1033678997,21.40244,39.80111
1033679000,21.40967,39.80212
1033679002,21.40185,39.78524
1033679005,21.39656,39.79222
1033679008,21.40032,39.79427
1033679022,21.39933,39.78394
1033679026,21.40095,39.79669
1033679031,21.40072,39.79615
1033679035,21.39755,39.79736
1033679038,21.41017,39.79135
1033679042,21.40652,39.80186
1033679054,21.39932,39.79629
1033679068,21.40922,39.78688
1033679071,21.39639,39.79515
1033679074,21.40129,39.78466
1033679078,21.39839,39.78759
1033679081,21.40876,39.79622
1033679085,21.39789,39.7767
1033679096,21.40994,39.80233
1033679101,21.39693,39.79909
1033679107,21.40139,39.79838
1033679110,21.40854,39.80178
1033679115,21.4032,39.7888
1033679119,21.40327,39.79833
1033679120,21.40108,39.78458
1033679141,21.40038,39.7852
1033679143,21.39623,39.80945
1033679147,21.39987,39.78494
1033679150,21.40333,39.79915
1033679154,21.40878,39.79437
1033679157,21.40024,39.7847
1033679159,21.40624,39.78353
1033679168,21.39779,39.77231
1033679173,21.3964,39.81127
1033679176,21.39565,39.79666
1033679184,21.40192,39.79823
1033679191,21.39933,39.79742
1033679196,21.4032,39.79965
1033679216,21.39973,39.79671
1033679218,21.39546,39.81054
1033679221,21.41152,39.78677
1033679224,21.39609,39.7967
1033679229,21.3951,39.8107
1033679231,21.40081,39.78511
1033679235,21.40504,39.80076
1033679256,21.39921,39.78336
1033679264,21.40149,39.78522
1033679267,21.39717,39.7899
1033679269,21.39895,39.78298
1033679270,21.39961,39.79743
1033679274,21.40353,39.78424
1033679288,21.40702,39.80157
1033679297,21.40246,39.79867
1033679300,21.40513,39.80084
1033679306,21.39807,39.79548
1033679308,21.39922,39.78635
1033679310,21.40477,39.78386
1033679324,21.39783,39.77606
1033679326,21.40986,39.80219
1033679330,21.40095,39.79385
1033679336,21.40869,39.79625
1033679340,21.39552,39.8009
1033679343,21.40987,39.80175
1033679347,21.40313,39.78889
1033679369,21.40017,39.79514
1033679374,21.40323,39.79778
1033679378,21.40243,39.78405
1033679383,21.40334,39.79927
1033679387,21.40075,39.78469
1033679389,21.39806,39.77666
1033679392,21.40287,39.79914
1033679395,21.40233,39.78493
1033679411,21.39633,39.79332
1033679416,21.40134,39.79621
1033679418,21.40035,39.78544
1033679424,21.39986,39.79458
1033679429,21.39747,39.79918
1033679435,21.39932,39.79683
1033679452,21.41036,39.79094
1033679455,21.40639,39.80186
1033679459,21.39951,39.79625
1033679461,21.40747,39.78632
1033679462,21.40195,39.7991
1033679466,21.40885,39.79392
1033679481,21.39662,39.81078
1033679494,21.40127,39.7848
1033679496,21.39786,39.78847
1033679498,21.40264,39.79965
1033679500,21.40874,39.79572
1033679505,21.40899,39.79813
1033679511,21.39566,39.80106
1033679531,21.40754,39.80157
1033679533,21.4007,39.78597
1033679534,21.40261,39.79852
1033679537,21.40043,39.80036
1033679539,21.39602,39.80908
1033679543,21.39983,39.78522
1033679544,21.39999,39.78454
1033679548,21.39878,39.79741
1033679575,21.40697,39.78342
1033679577,21.40873,39.79466
1033679579,21.39558,39.7976
1033679580,21.4014,39.79842
1033679581,21.40186,39.78481
1033679587,21.39805,39.79899
1033679592,21.40195,39.79855
1033679617,21.4098,39.80207
1033679626,21.39931,39.79624
1033679628,21.4033,39.79958
1033679631,21.39583,39.81047
1033679638,21.40773,39.79759
1033679640,21.40087,39.78489
1033679662,21.39909,39.78291
1033679668,21.40575,39.78784
1033679671,21.40245,39.80044
1033679675,21.40169,39.78528
1033679678,21.39682,39.79105
1033679681,21.39904,39.78337
1033679685,21.39989,39.7973
1033679713,21.40285,39.78469
1033679717,21.39597,39.79989
1033679720,21.39598,39.79893
1033679724,21.40673,39.80173
1033679728,21.40206,39.78751
1033679735,21.4113,39.7875
1033764284,21.38367,39.78392
1033764421,21.38368,39.80719
1033764455,21.38361,39.78345
1033764512,21.38355,39.78359
1033764591,21.38435,39.78732
1033764650,21.38421,39.78732
1033764699,21.38205,39.78378
1033764765,21.383,39.78346
1033764782,21.3836,39.80702
1033764821,21.38371,39.78355
1033764869,21.38362,39.7837
1033765018,21.38345,39.7834
1033765111,21.38336,39.78357
1033765230,21.38376,39.78374
1104759314,21.40249,39.79217
1104759318,21.40231,39.7913
1104759320,21.40236,39.79169
1104759323,21.40238,39.7903
1104759328,21.40313,39.79319
1104759332,21.40408,39.79414
1104759335,21.40287,39.7929
1104759355,21.40275,39.78936
1114744220,21.40122,39.79775
1114744224,21.3987,39.8003
1114744236,21.40196,39.79344
1114744237,21.40424,39.80219
1114744244,21.40292,39.79347
1114744246,21.40456,39.8053
1114744248,21.40442,39.78808
1114744260,21.40378,39.79705
1114744264,21.39973,39.80301
1114744268,21.40417,39.8011
1114744288,21.40254,39.78982
1114744295,21.40204,39.79341
1114744315,21.40237,39.79329
1114744317,21.40036,39.80327
1114744347,21.40076,39.8003
1114744354,21.40438,39.80435
1114744358,21.40246,39.79426
1114744380,21.39809,39.79796
1114744391,21.398,39.80023
1114744394,21.39842,39.80246
1114744397,21.40569,39.80573
1114744405,21.40048,39.79696
1114744411,21.40307,39.79363
1114744417,21.4054,39.80391
1114744442,21.4024,39.79361
1114744446,21.39937,39.80298
1114744448,21.40455,39.80518
1114744451,21.39984,39.79853
1114744468,21.4014,39.80029
1114744478,21.40104,39.79294
1114744485,21.39804,39.79943
1114744496,21.40248,39.79327
1114744498,21.40088,39.8011
1114744503,21.4054,39.80559
1114744511,21.4008,39.79798
1114744523,21.40511,39.78797
1114744528,21.4032,39.80432
1114744550,21.4037,39.80049
1114744551,21.40309,39.7967
1114744552,21.404,39.79968
1114744554,21.39791,39.80246
1114744556,21.40367,39.79653
1114744578,21.40388,39.7967
1114744580,21.40086,39.80347
1114744581,21.40595,39.80416
1114744585,21.40418,39.80017
1114744601,21.40176,39.79766
1114744608,21.40553,39.80436
1114744612,21.39807,39.79849
1114744615,21.40263,39.79254
1114744619,21.40345,39.80032
1114744640,21.40319,39.79384
1114744644,21.40529,39.80553
1114744647,21.40551,39.78797
1114744664,21.40308,39.79413
1114744667,21.39913,39.803
1114744670,21.40143,39.79362
1114744677,21.4014,39.8011
1114744681,21.40065,39.7975
1114744705,21.40361,39.80028
1114744708,21.40264,39.80031
1114744712,21.40262,39.7933
1114744717,21.40064,39.79746
1114744741,21.40341,39.78863
1114744743,21.40397,39.79724
1114744745,21.40297,39.80429
1114744752,21.40593,39.78804
1114744774,21.40299,39.79396
1114744784,21.4023,39.7908
1114744791,21.40136,39.79364
1114744795,21.40209,39.79365
1114744816,21.40162,39.79716
1114744823,21.39837,39.79931
1114744826,21.40325,39.79407
1114744830,21.40414,39.79762
1114744833,21.41004,39.78923
1114744849,21.40391,39.78829
1114744862,21.39822,39.80321
1114744907,21.40037,39.80108
1114744933,21.39968,39.79801
1114744947,21.40277,39.79337
1114744948,21.39947,39.80226
1114744982,21.40334,39.79456
1114744984,21.40273,39.80423
1114744988,21.40665,39.78825
1114744992,21.40276,39.79372
1114745017,21.39787,39.80328
1114778974,21.39969,39.80307
1114778976,21.39973,39.80009
1114778977,21.39807,39.7953
1114778980,21.3995,39.80183
1114778983,21.40176,39.79543
1114778984,21.40037,39.79823
1114779001,21.40167,39.79608
1114779004,21.40095,39.79373
1114779006,21.39871,39.79867
1114779008,21.40086,39.79531
1114779010,21.40138,39.80218
1114779012,21.39895,39.80158
1114779013,21.39985,39.79997
1114779022,21.40272,39.79528
1114779024,21.3995,39.80068
1114779027,21.40121,39.79444
1114779030,21.39942,39.79905
1114779033,21.39846,39.80101
1114779036,21.4027,39.80433
1114779037,21.39641,39.79499
1114779040,21.40137,39.80368
1114779048,21.40286,39.79582
1114779050,21.40195,39.79706
1114779051,21.39824,39.80327
1114779053,21.39995,39.79958
1114779055,21.40156,39.79549
1114779058,21.39995,39.79906
1114779068,21.4015,39.79493
1114779071,21.40055,39.79584
1114779074,21.40062,39.79484
1114779076,21.39893,39.80236
1114779079,21.39845,39.80135
1114779082,21.40305,39.8044
1114779084,21.39994,39.79848
1114779088,21.40111,39.79577
1114779098,21.4018,39.79651
1114779099,21.39854,39.80079
1114779101,21.39913,39.80306
1114779102,21.40037,39.80222
1114779103,21.39876,39.79518
1114779104,21.40439,39.80446
1114779106,21.40189,39.79596
1114779113,21.40046,39.80024
1114779115,21.40259,39.79477
1114779117,21.40099,39.79555
1114779120,21.40295,39.79614
1114779122,21.40037,39.80164
1114779125,21.39938,39.80305
1114779128,21.39839,39.79531
1114779131,21.40446,39.8053
1114779140,21.39949,39.80299
1114779141,21.39863,39.7985
1114779143,21.40135,39.79624
1114779144,21.40049,39.79856
1116668855,21.38465,39.79536
1116668859,21.39287,39.79713
1116668860,21.38728,39.79623
1116668872,21.38364,39.79515
1116668875,21.39208,39.79701
1116668876,21.3866,39.79607
1116668878,21.3956,39.79727
1116668891,21.38164,39.79498
1116668893,21.38964,39.79661
1116668894,21.38577,39.79578
1116668895,21.39537,39.79736
1121411624,21.40754,39.77391
1121411628,21.41284,39.77286
1121411630,21.4091,39.77594
1121411631,21.41101,39.77557
1121411633,21.40791,39.77617
1121411645,21.40765,39.77461
1121411656,21.41184,39.77306
1121411657,21.40859,39.78041
1121411664,21.40872,39.77366
1121411673,21.40376,39.77836
1121411677,21.40528,39.77585
1121411685,21.40885,39.77719
1121411693,21.40579,39.77576
1121411696,21.39924,39.78237
1121411699,21.41147,39.77987
1121411738,21.4068,39.77557
1121411739,21.41234,39.77652
1121411742,21.41074,39.77403
1121411753,21.40868,39.7804
1121411759,21.40553,39.77428
1121411761,21.41087,39.77478
1121411764,21.41175,39.77307
1121411776,21.41181,39.77286
1121411779,21.40884,39.77439
1121411784,21.40919,39.77923
1121411789,21.41129,39.77882
1121411801,21.40897,39.77514
1121411814,21.40656,39.77777
1121411820,21.40817,39.77732
1121411837,21.40421,39.78128
1121411838,21.40592,39.77654
1121411841,21.40778,39.77538
1121411842,21.412,39.77457
1121411844,21.41062,39.77329
1121411863,21.41172,39.77288
1121411873,21.40693,39.77636
1121411882,21.40667,39.77481
1121411884,21.41007,39.78013
1121411886,21.40851,39.77937
1121411889,21.40711,39.78071
1121411901,21.41148,39.77277
1121411903,21.40655,39.77408
1121411914,21.4099,39.7791
1121411917,21.40504,39.77438
1121411922,21.39911,39.78229
1121451175,21.41183,39.78596
1121451177,21.41178,39.78697
1121451185,21.41219,39.7876
1121451187,21.41304,39.79013
1121451219,21.41149,39.786
1121451221,21.41315,39.78622
1121451240,21.40929,39.78321
1121451247,21.40602,39.78516
1121451282,21.40308,39.79174
1121451284,21.40761,39.78335
1121451290,21.41119,39.78274
1121451322,21.41252,39.78823
1121451326,21.40992,39.7831
1121451331,21.40732,39.78473
1121451337,21.41276,39.78264
1121451340,21.40955,39.79123
1121524223,21.40907,39.77092
1121524237,21.40403,39.78008
1121524242,21.40687,39.77954
1121524246,21.41142,39.77314
1121524251,21.40796,39.77132
1121524255,21.41095,39.77183
1121524258,21.40706,39.77357
1121524262,21.40405,39.78023
1121524264,21.40948,39.77093
1121524272,21.40713,39.77397
1121524292,21.4086,39.77101
1121524296,21.40839,39.77924
1121524298,21.4112,39.77226
1121524300,21.40749,39.77184
1121524304,21.40691,39.77953
1121524306,21.40884,39.77095
1121524321,21.40926,39.77314
1121524325,21.4092,39.7728
1121524328,21.40773,39.77154
1121524329,21.41076,39.77159
1121524343,21.40718,39.77242
1121524346,21.40694,39.77967
1121524350,21.41045,39.77131
1121524357,21.40827,39.77114
1121524360,21.40253,39.78036
1121524364,21.40726,39.77223
1121524368,21.40678,39.77902
1121524373,21.40705,39.77318
1121524375,21.4098,39.77099
1121524377,21.40932,39.77354
1121524398,21.40831,39.77874
1121524400,21.41132,39.77264
1121524404,21.40709,39.77274
1121524408,21.41007,39.77108
1121558553,21.4051,39.78782
1121558558,21.40242,39.78976
1121558562,21.40401,39.79427
1121558569,21.40226,39.79028
1121558570,21.40596,39.7879
1121558584,21.40666,39.78812
1121558585,21.41182,39.80064
1121558588,21.4028,39.79301
1121558590,21.40253,39.7926
1121558591,21.4033,39.78855
1121558598,21.40265,39.7893
1121558600,21.4122,39.80094
1121558609,21.40304,39.78879
1121558612,21.40224,39.79177
1121558613,21.40439,39.78793
1121558620,21.41011,39.78912
1121558622,21.40767,39.7977
1121558626,21.41148,39.80034
1121558641,21.40237,39.79223
1121558644,21.40382,39.78816
1121558645,21.41079,39.78932
1121558647,21.40219,39.79078
1121558648,21.40552,39.78781
1121558649,21.40857,39.7983
1121558651,21.40306,39.79333
1121558659,21.40218,39.79133
1122256856,21.3966,39.78522
1122256861,21.38587,39.78976
1122256881,21.38569,39.78703
1122256886,21.38621,39.78975
1122256910,21.39274,39.78583
1122256941,21.39741,39.78491
1122256966,21.38601,39.79248
1122257000,21.39,39.78941
1122257028,21.39177,39.786
1122257030,21.38466,39.78723
1122257060,21.39706,39.7851
1122257095,21.38703,39.79426
1122257105,21.39024,39.79074
1122257173,21.39883,39.7838
1122257174,21.38395,39.7873
1122340601,21.39277,39.78333
1122340617,21.39202,39.78409
1122340656,21.393,39.78414
1122340679,21.39853,39.7781
1122340681,21.3926,39.78396
1122340701,21.39864,39.78235
1122341008,21.39798,39.77809
1122341028,21.39322,39.78548
1122341154,21.39302,39.78344
1122402158,21.39306,39.78352
1122402169,21.3975,39.785
1122402173,21.39308,39.78401
1122402177,21.38572,39.78716
1122402216,21.38622,39.78983
1122402218,21.3927,39.78341
1122402219,21.3933,39.78543
1122402226,21.39025,39.79087
1122402238,21.39671,39.78535
1122402240,21.39884,39.78395
1122402241,21.38349,39.78996
1122402244,21.38706,39.79436
1122402247,21.39865,39.78245
1122402256,21.38421,39.78739
1122402257,21.39317,39.78906
1122402276,21.39304,39.78896
1122402278,21.38587,39.78987
1122402285,21.39179,39.78614
1122402286,21.39717,39.7852
1122402294,21.38471,39.78736
1122402327,21.39849,39.77801
1122402329,21.38615,39.79246
1122402331,21.39259,39.78406
1122502543,21.40717,39.79012
1122502561,21.40534,39.79236
1122502563,21.40361,39.79319
1122502566,21.40356,39.78947
1122502593,21.40832,39.78947
1122502596,21.40731,39.79139
1122502598,21.40897,39.7924
1122502599,21.41203,39.78733
1122502600,21.40894,39.79127
1122502602,21.40802,39.78988
1122502603,21.40971,39.79424
1122502660,21.40343,39.79248
1122502661,21.40948,39.79413
1122502665,21.40641,39.79456
1122502668,21.40304,39.7907
1122502679,21.40871,39.79496
1122502680,21.40597,39.79401
1122502682,21.41003,39.78999
1122502684,21.41059,39.79007
1122502711,21.40856,39.79202
1122502715,21.40826,39.79386
1122502722,21.40825,39.79133
1122502724,21.41085,39.79515
1122502726,21.41053,39.7933
1122502728,21.40356,39.79167
1122502736,21.40528,39.78931
1122502737,21.40663,39.79237
1122502739,21.40747,39.79512
1122502742,21.41161,39.7927
1122502743,21.41091,39.79381
1122502744,21.41071,39.79654
1122502745,21.40435,39.78975
1122502747,21.40647,39.79313
1122502749,21.39011,39.7894
1122502767,21.40839,39.79081
1122502768,21.40678,39.79142
1122502770,21.41098,39.79185
1122502773,21.40867,39.79572
1122502777,21.40334,39.7934
1122502788,21.40455,39.78896
1122502790,21.40403,39.78908
1122502793,21.40488,39.79109
1122502796,21.40531,39.78865
1122502797,21.4073,39.79238
1122502799,21.4091,39.79052
1122502814,21.40784,39.78991
1122502820,21.4125,39.7923
1122502824,21.40761,39.79137
1122502829,21.40704,39.79026
1122502832,21.40943,39.79451
1122502834,21.40388,39.79394
1122502835,21.40313,39.79034
1122502841,21.40573,39.79236
1122502854,21.40702,39.79407
1122502855,21.41017,39.78559
1122502857,21.40608,39.79413
1122502858,21.41057,39.79014
1122502859,21.40859,39.7924
1122502860,21.4069,39.79385
1122502863,21.40851,39.78879
1122502864,21.41085,39.79181
1122502867,21.41098,39.79478
1122502898,21.4037,39.79036
1122502900,21.41011,39.79269
1122502902,21.40687,39.79583
1122502903,21.40418,39.79235
1122502905,21.40546,39.79004
1122502910,21.40796,39.79135
1122502917,21.41199,39.79419
1122502919,21.4101,39.79488
1122502923,21.406,39.79149
1122502924,21.41131,39.79624
1122502925,21.41063,39.79174
1122502928,21.40909,39.79432
1122502929,21.40917,39.79317
1122502949,21.40231,39.79126
1122502956,21.40828,39.79316
1122502960,21.4106,39.78729
1122502964,21.41114,39.79345
1122502966,21.41045,39.79318
1122502970,21.40445,39.78885
1122502989,21.40438,39.78887
1122502991,21.40409,39.79028
1122503001,21.40466,39.79157
1122503003,21.40572,39.7887
1122503006,21.40934,39.78978
1122503009,21.40734,39.79003
1122503011,21.41005,39.79157
1122503031,21.40698,39.7904
1122503043,21.40534,39.79155
1122503045,21.4038,39.7931
1122503048,21.40688,39.78971
1122503050,21.40411,39.79377
1122503051,21.40332,39.78986
1122503053,21.40573,39.79312
1122503062,21.40687,39.79679
1122503079,21.40285,39.79287
1122503082,21.40628,39.79447
1122503083,21.40787,39.78933
1122503084,21.41147,39.78952
1122503085,21.41125,39.79024
1122503086,21.40855,39.79
1122503087,21.41124,39.79448
1122503115,21.4048,39.78913
1122503116,21.40973,39.79214
1122503117,21.40961,39.79369
1122503133,21.4031,39.79046
1122503134,21.40605,39.795
1122503137,21.403,39.7912
1122503140,21.40796,39.79239
1122503154,21.40964,39.79107
1122503157,21.4129,39.79069
1122503163,21.4086,39.7913
1122503166,21.40998,39.78632
1122503174,21.41089,39.7954
1122503175,21.41056,39.79274
1122503204,21.40664,39.79143
1122503206,21.40642,39.79636
1122503207,21.40823,39.79471
1122503209,21.40958,39.79241
1122503211,21.41196,39.79214
1122503214,21.40844,39.79041
1122503215,21.41036,39.79587
1122503216,21.39798,39.77819
1122503218,21.4032,39.79204
1122503252,21.40599,39.79237
1122503254,21.40474,39.78875
1122503264,21.40469,39.78803
1122607908,21.40448,39.80059
1122607920,21.41254,39.78906
1122607924,21.40986,39.77699
1122607946,21.41136,39.78538
1122607951,21.40491,39.80032
1122608104,21.40193,39.80164
1122608122,21.41062,39.78003
1122608126,21.41123,39.78171
1122608129,21.40956,39.77705
1122608138,21.40238,39.80419
1122608301,21.41128,39.77599
1122608351,21.41009,39.77833
1122608352,21.40328,39.77825
1122608355,21.41213,39.78288
1122608359,21.40358,39.78051
1122608513,21.41153,39.78383
1122608519,21.40876,39.78371
1122608555,21.40799,39.77627
1122608559,21.40671,39.79773
1122608563,21.40742,39.78275
1122608565,21.40585,39.79723
1122608756,21.40949,39.7799
1122608759,21.40281,39.77834
1122608761,21.40577,39.7799
1122608763,21.4051,39.78002
1122608771,21.40366,39.78103
1122608774,21.40191,39.80218
1122608797,21.40627,39.7798
1122608971,21.41257,39.78146
1122608976,21.40384,39.80328
1122609008,21.40792,39.78491
1122609011,21.41046,39.78006
1122609013,21.40387,39.80381
1122609016,21.40517,39.79765
1122609020,21.41191,39.77585
1122609183,21.40433,39.80181
1122609186,21.404,39.79764
1122609190,21.40424,39.77827
1122609193,21.4053,39.79832
1122609222,21.40992,39.78709
1122609223,21.40658,39.77762
1122609236,21.4082,39.78013
1122609379,21.40448,39.7794
1122609386,21.41179,39.78468
1122609390,21.40372,39.80164
1122609396,21.41249,39.78415
1122609399,21.41048,39.78019
1122609417,21.4019,39.80273
1122609539,21.41064,39.78016
1122609542,21.40035,39.80474
1122609574,21.40425,39.8006
1122609579,21.40499,39.80481
1122609675,21.41166,39.78878
1122609678,21.40998,39.7777
1122609683,21.41153,39.78599
1122609686,21.40646,39.79849
1122609692,21.41296,39.78996
1122609706,21.41174,39.78452
1122609710,21.40702,39.78019
1122609815,21.40359,39.80113
1122609825,21.40997,39.78553
1122609844,21.40937,39.77601
1122609847,21.40234,39.80496
1122609849,21.40482,39.79603
1122609853,21.41183,39.77587
1122609914,21.40641,39.77658
1122609923,21.40789,39.77629
1122609943,21.41274,39.78693
1122609946,21.40961,39.77841
1122609950,21.40221,39.77847
1122609953,21.41132,39.78317
1122610054,21.41201,39.78364
1122610057,21.41199,39.77869
1122610060,21.40381,39.80275
1122610062,21.40917,39.78529
1122610079,21.40856,39.78236
1122610189,21.4062,39.79734
1122610206,21.40899,39.78
1122610229,21.40269,39.77763
1122610232,21.41293,39.78556
1122610316,21.40302,39.78115
1122610319,21.40189,39.80333
1122610328,21.41259,39.7823
1122610343,21.4083,39.78329
1122610348,21.41071,39.7816
1122610352,21.40468,39.7976
1122610400,21.40565,39.78312
1122610411,21.40498,39.79825
1122610416,21.41135,39.77597
1122610430,21.40416,39.77808
1122610433,21.40811,39.77964
1122610497,21.4059,39.78059
1122610516,21.40626,39.7983
1122610520,21.41094,39.77679
1122610525,21.40244,39.80326
1122610536,21.40809,39.77748
1122610552,21.40486,39.80216
1122610554,21.4095,39.77781
1122610556,21.40421,39.77807
1122610557,21.40605,39.79898
1122610561,21.40332,39.77845
1122610568,21.41195,39.78516
1122610586,21.40377,39.80219
1122610587,21.40737,39.77944
1122610589,21.40635,39.78031
1122610591,21.40193,39.80109
1122610594,21.41193,39.78443
1122610623,21.40936,39.78351
1122610625,21.40236,39.80459
1122610628,21.40516,39.79906
1122610634,21.40661,39.77776
1122610665,21.40973,39.77913
1122610683,21.40461,39.78012
1122610685,21.41059,39.78291
1122610686,21.41172,39.78443
1122610710,21.41054,39.78188
1122610714,21.40668,39.79777
1122610716,21.40708,39.78548
1122610724,21.40871,39.78871
1122610750,21.41196,39.77659
1122610752,21.40353,39.78017
1122610756,21.41021,39.77903
1122610757,21.4127,39.78489
1122610786,21.40292,39.78063
1122610789,21.40426,39.79759
1122610791,21.40936,39.78353
1122610794,21.40665,39.78294
1122610800,21.41165,39.77665
1122610805,21.40505,39.7972
1122610828,21.40476,39.79833
1122610829,21.41148,39.77668
1122610831,21.40399,39.77705
1122610834,21.40937,39.7792
1122610848,21.40743,39.77976
1122610851,21.40498,39.77931
1122610855,21.41074,39.78577
1122610872,21.40887,39.7793
1122610875,21.4109,39.78179
1122610877,21.40638,39.78049
1122610880,21.41169,39.78158
1122610903,21.40298,39.80376
1122610906,21.4058,39.79788
1122610908,21.41076,39.77573
1122610917,21.40238,39.80352
1122610941,21.40476,39.80168
1122610945,21.40938,39.77709
1122610947,21.40432,39.77878
1122610949,21.40561,39.79851
1122610950,21.40943,39.78892
1122610952,21.40311,39.77722
1122610984,21.40369,39.80132
1122610985,21.40753,39.78029
1122610995,21.40139,39.80164
1122611014,21.41238,39.78425
1122611020,21.40428,39.80275
1122611039,21.40103,39.80442
1122611041,21.40461,39.79927
1122636956,21.40607,39.77101
1122636963,21.40688,39.77272
1122636964,21.40638,39.77333
1122636967,21.41225,39.77544
1122636971,21.41214,39.77535
1122636974,21.40755,39.77142
1122636975,21.41015,39.77095
1122636995,21.40879,39.77079
1122636996,21.41223,39.77533
1122637011,21.41216,39.77546
1122637013,21.41129,39.77214
1122637015,21.40753,39.76964
1122637016,21.40475,39.77368
1122637018,21.40726,39.7718
1122637020,21.4068,39.77296
1122637039,21.4115,39.7713
1122637041,21.40973,39.77081
1122637042,21.40823,39.77097
1122637043,21.41096,39.7716
1122637064,21.40459,39.77245
1122637065,21.40701,39.77229
1122637067,21.4066,39.7732
1122637079,21.41134,39.771
1122637081,21.40791,39.77113
1122637083,21.41175,39.77271
1122637084,21.41055,39.77119
1122637085,21.40935,39.77075
1123345348,21.39473,39.78552
1123345349,21.39839,39.7843
1123345350,21.38745,39.7896
1123345351,21.38879,39.78589
1123345352,21.3929,39.78345
1123345353,21.38503,39.78659
1123345354,21.38731,39.78543
1123345355,21.38793,39.78601
1123345356,21.39814,39.7845
1123345357,21.39279,39.78491
1123345358,21.39272,39.78597
1123345359,21.39302,39.78523
1123345360,21.3928,39.78394
1123345361,21.39762,39.78609
1123345362,21.39297,39.78394
1123345363,21.3846,39.78667
1123345364,21.3891,39.78472
1123345365,21.39171,39.78584
1123345366,21.38878,39.78803
1123345367,21.38609,39.78985
1123345368,21.39313,39.7849
1123345369,21.38596,39.78986
1123345370,21.3945,39.78863
1123345371,21.39052,39.78481
1123345373,21.39135,39.78607
1123345374,21.39202,39.78458
1123345375,21.39681,39.78583
1123345376,21.38596,39.78976
1123345378,21.38806,39.78811
1123345379,21.3927,39.7844
1123345380,21.39303,39.78384
1123345381,21.39021,39.78579
1123345383,21.39027,39.78606
1123345384,21.38782,39.78533
1123345385,21.38609,39.78975
1123345386,21.39124,39.78541
1123345387,21.39381,39.78885
1123345388,21.39066,39.78553
1123345389,21.39267,39.78392
1123345390,21.3849,39.7859
1123345391,21.38997,39.78456
1123345392,21.39786,39.78546
1123345393,21.39283,39.78595
1123345394,21.39665,39.7886
1123345395,21.39171,39.78549
1123345396,21.39288,39.7835
1123345397,21.39741,39.7885
1123345398,21.3961,39.78692
1123345399,21.3929,39.78397
1123345400,21.39306,39.78907
1123345401,21.39174,39.78911
1123345402,21.38543,39.78579
1123345403,21.3844,39.78551
1123345404,21.39232,39.78571
1123345405,21.39148,39.78427
1123345406,21.39434,39.78719
1123345407,21.38675,39.78968
1123345408,21.39009,39.78516
1123345410,21.39314,39.78558
1123345411,21.3924,39.78903
1123345412,21.39874,39.78587
1123345413,21.39299,39.78738
1123345414,21.39156,39.7847
1123345415,21.39274,39.78364
1123345416,21.39595,39.78869
1123345418,21.38955,39.78565
1123345420,21.38442,39.78561
1123345421,21.39167,39.7884
1123345422,21.38931,39.78598
1123345423,21.39134,39.78599
1123345424,21.39209,39.78609
1123345425,21.39338,39.78554
1123345427,21.39274,39.78382
1123345428,21.38832,39.78598
1123345429,21.38926,39.78571
1123345430,21.39301,39.78361
1123345431,21.39018,39.78564
1123345432,21.39828,39.78538
1123345433,21.39899,39.78668
1123345434,21.39849,39.78493
1123345435,21.3955,39.78695
1123345436,21.38734,39.78688
1123345437,21.39145,39.78619
1123345438,21.38554,39.78649
1123345440,21.38465,39.78692
1123345441,21.38928,39.7858
1123345442,21.39107,39.78435
1123345443,21.39835,39.78575
1123345444,21.38666,39.787
1123345445,21.39291,39.78665
1123345446,21.38866,39.78518
1123345447,21.38481,39.7872
1123345448,21.38884,39.78944
1123345449,21.39212,39.78506
1123345450,21.39885,39.78512
1123345451,21.39298,39.78503
1123345452,21.38811,39.78953
1123345453,21.3922,39.78539
1123345454,21.3928,39.78353
1123345455,21.39364,39.78729
1123345456,21.39556,39.78874
1123345457,21.3916,39.78769
1123345458,21.38821,39.78531
1123345459,21.38881,39.78873
1123345461,21.39448,39.7854
1123345462,21.39617,39.78613
1123345463,21.39297,39.78407
1123345464,21.388,39.78677
1123345465,21.39787,39.78843
1123345466,21.39282,39.78339
1123345467,21.38978,39.78522
1123345468,21.39303,39.78373
1123345469,21.38745,39.78614
1123348691,21.384,39.78811
1123348702,21.3828,39.78986
1123348704,21.38404,39.78982
1123348705,21.3853,39.7891
1123348706,21.38403,39.78916
1123348707,21.38591,39.78712
1123348708,21.38127,39.78768
1123348722,21.38527,39.78725
1123348726,21.38595,39.7891
1123348730,21.38275,39.78822
1123348734,21.38342,39.78984
1123348737,21.38602,39.78711
1123348739,21.38398,39.78742
1123348744,21.38334,39.78814
1123894899,21.41066,39.80073
1123894903,21.41224,39.80109
1123894909,21.41126,39.80247
1123894913,21.41071,39.80114
1123894929,21.40852,39.79841
1123894950,21.41026,39.80222
1123894957,21.41041,39.8023
1123894971,21.40924,39.79895
1123895020,21.41029,39.80124
1123895022,21.412,39.80453
1123895025,21.41082,39.80147
1123895066,21.41091,39.80167
1123895089,21.41245,39.80281
1123895099,21.41077,39.79997
1123895112,21.41153,39.80049
1123895120,21.41069,39.80012
1123895129,21.41124,39.80247
1123895134,21.41109,39.80204
1123895145,21.41151,39.80247
1123895169,21.41153,39.80348
1123895172,21.41204,39.80091
1125363404,21.41185,39.78116
1125363439,21.41233,39.78106
1125363468,21.4118,39.78084
1125363504,21.41287,39.77961
1125363539,21.41084,39.78138
1125363552,21.41223,39.78042
1125363559,21.41105,39.78045
1125363568,21.41113,39.78096
1125363589,21.41259,39.77978
1125363657,21.41214,39.77987
1125363668,21.41172,39.78033
1125418282,21.40812,39.77419
1125418304,21.40756,39.77296
1125418305,21.4122,39.77417
1125418307,21.41085,39.77283
1125418352,21.40962,39.77205
1125418359,21.412,39.77079
1125418365,21.40813,39.77378
1125418440,21.40956,39.77148
1125418471,21.41029,39.77184
1125418472,21.4101,39.77242
1125418475,21.41239,39.77261
1125418478,21.40545,39.77353
1125418510,21.41196,39.77379
1125418511,21.4104,39.76987
1125418512,21.40864,39.77155
1125418518,21.40807,39.77315
1125418537,21.4072,39.77097
1125418553,21.40949,39.77249
1125418556,21.40634,39.77267
1125418561,21.41085,39.77042
1125418562,21.41036,39.77293
1125418577,21.40827,39.7725
1125418580,21.40834,39.77026
1125418583,21.4082,39.77471
1125418607,21.40763,39.77266
1125418611,21.41203,39.7742
1125418612,21.41134,39.77273
1125418617,21.40937,39.772
1125418620,21.41179,39.77047
1125418640,21.40868,39.77212
1125418651,21.40979,39.77154
1125418666,21.41057,39.77217
1125418682,21.40999,39.77228
1125418685,21.41228,39.77196
1125418699,21.40811,39.77124
1125418703,21.41057,39.77142
1125418705,21.41224,39.77006
1125418722,21.40894,39.77147
1125418739,21.40806,39.77338
1125418741,21.40923,39.77295
1125418743,21.40621,39.7728
1125418748,21.40806,39.77195
1125418771,21.40816,39.77272
1125418773,21.40822,39.7703
1125418776,21.40887,39.77458
1125418779,21.40531,39.77258
1125418789,21.4068,39.77149
1125418790,21.41214,39.77375
1125418793,21.4077,39.77245
1125418813,21.40994,39.77302
1125418815,21.40911,39.77199
1125418819,21.41135,39.76995
1125418824,21.40853,39.77222
1125418861,21.40879,39.77405
1125418872,21.41014,39.77172
1125418877,21.40755,39.77348
1125418886,21.41074,39.77246
1125418905,21.40978,39.77213
1125418921,21.41212,39.77109
1125418949,21.40927,39.77144
1125418988,21.41025,39.77265
1125418990,21.40806,39.77319
1125418995,21.40537,39.77295
1125419000,21.41297,39.7736
1125419002,21.40836,39.77169
1125419018,21.40808,39.77294
1125419020,21.40928,39.77092
1125419023,21.40777,39.77052
1125419031,21.40893,39.76912
1125419035,21.40653,39.77207
1125419060,21.40787,39.77216
1125419064,21.41042,39.77333
1125419091,21.4089,39.77203
1125419096,21.4084,39.77233
1125419103,21.40893,39.7701
1125440980,21.40552,39.77782
1125440983,21.40623,39.77906
1125440985,21.40391,39.77932
1125440993,21.40245,39.7779
1125440994,21.40761,39.7767
1125440996,21.40486,39.7806
1125440998,21.40575,39.77917
1125441000,21.40289,39.77908
1125441002,21.40749,39.77813
1125441004,21.40481,39.77849
1125441019,21.406,39.77773
1125441029,21.40413,39.78075
1125441032,21.4043,39.77898
1125441035,21.40565,39.77854
1125441037,21.40192,39.77733
1125441039,21.40242,39.77769
1125441044,21.40631,39.77904
1125441049,21.40387,39.77907
1125441051,21.40354,39.77895
1125441065,21.40203,39.77743
1125441067,21.40704,39.77734
1125441070,21.4047,39.7801
1125441073,21.40496,39.77867
1125441084,21.40483,39.77869
1125441085,21.40044,39.76783
1125441087,21.40665,39.77829
1125441088,21.4074,39.77761
1125441089,21.40621,39.77843
1125441090,21.40587,39.77988
1125441106,21.40635,39.77978
1125441117,21.40339,39.77898
1125441118,21.40272,39.77784
1125441119,21.40695,39.77683
1125441120,21.40771,39.77721
1125441122,21.40482,39.78078
1125441124,21.40494,39.77847
1125441125,21.40479,39.78061
1125441135,21.40273,39.77835
1125441137,21.4003,39.76786
1125441143,21.40765,39.7781
1125441145,21.40434,39.77923
1125441148,21.40194,39.77745
1125441151,21.40612,39.77845
1125441154,21.40201,39.77731
1125441155,21.4071,39.77767
1125456779,21.40271,39.7817
1125456795,21.39923,39.78341
1125456797,21.40273,39.78157
1125456800,21.40136,39.78231
1125456801,21.40464,39.783
1125456802,21.40455,39.78244
1125456803,21.40296,39.78324
1125456804,21.40435,39.78231
1125456805,21.39901,39.78356
1125456819,21.40244,39.78209
1125456831,21.40437,39.78247
1125456835,21.40156,39.7835
1125456836,21.4055,39.78209
1125456837,21.399,39.78321
1125456839,21.39911,39.78349
1125456841,21.40264,39.78159
1125456843,21.40131,39.78197
1125456863,21.40148,39.78301
1125456865,21.40421,39.78141
1125456866,21.39905,39.7839
1125456868,21.40452,39.78227
1125535468,21.39856,39.81069
1125535514,21.40705,39.80905
1125535552,21.40009,39.81008
1125535585,21.40901,39.80856
1125535666,21.3983,39.81103
1126265488,21.38339,39.78996
1126265500,21.38393,39.78558
1126265504,21.38432,39.79546
1126265513,21.38353,39.79514
1126265516,21.39398,39.79737
1126265518,21.38359,39.7953
1126265530,21.38343,39.78369
1126265546,21.39288,39.79728
1126265548,21.38164,39.79515
1126265554,21.3889,39.79663
1126265576,21.38658,39.79623
1126265595,21.38485,39.79559
1126265620,21.38395,39.78568
1126657744,21.38649,39.80193
1126657747,21.38471,39.79732
1126657752,21.38692,39.80058
1126657763,21.38431,39.7945
1126657784,21.38652,39.79712
1126657786,21.39244,39.79798
1126657791,21.38333,39.80137
1126657798,21.38661,39.79526
1126657806,21.38553,39.80125
1126657812,21.38952,39.79673
1126657814,21.38166,39.79587
1126657831,21.38639,39.79438
1126657837,21.38351,39.79067
1126657860,21.37908,39.80586
1126657863,21.385,39.79467
1126657879,21.38877,39.79749
1126657881,21.38941,39.79748
1126657882,21.38546,39.80112
1126657911,21.38217,39.79845
1126657931,21.38598,39.79058
1126657944,21.38568,39.7949
1126657950,21.38559,39.7994
1126657952,21.3852,39.79866
1126657981,21.38708,39.79985
1126658008,21.39044,39.794
1126658041,21.38649,39.79603
1126658043,21.38637,39.79946
1126658044,21.38532,39.79651
1126658045,21.38241,39.7992
1126658046,21.38635,39.79981
1126658050,21.3791,39.80605
1126658075,21.38615,39.79353
1126658083,21.38731,39.79543
1126658088,21.38646,39.79785
1126658097,21.38479,39.79632
1126658101,21.38429,39.79928
1126658121,21.38466,39.79797
1126658130,21.38867,39.79822
1126658151,21.38352,39.80093
1126658153,21.38622,39.79395
1126658155,21.38273,39.79656
1126658194,21.39105,39.79861
1126658200,21.38372,39.79794
1126658239,21.3842,39.79668
1126658250,21.38721,39.79434
1126658252,21.38577,39.79872
1126658255,21.38199,39.80392
1126658257,21.38648,39.79447
1126658259,21.39155,39.79784
1126658264,21.38649,39.79527
1126658298,21.3878,39.79728
1126658301,21.38284,39.79785
1126658309,21.38497,39.79935
1126658310,21.38415,39.79729
1126658314,21.38442,39.80542
1126658334,21.38365,39.80456
1126658336,21.38369,39.79927
1126658355,21.38571,39.80144
1126658361,21.38637,39.79451
1126658366,21.38773,39.79806
1126658368,21.39055,39.79399
1126658370,21.38434,39.79861
1126658386,21.38488,39.80047
1126658388,21.38431,39.79545
1126658394,21.38357,39.80468
1126658404,21.38331,39.79599
1126658407,21.38476,39.80565
1126658413,21.39061,39.80093
1126658431,21.38421,39.80059
1126658436,21.38773,39.79889
1126658449,21.38641,39.79878
1126658457,21.39042,39.79971
1126658459,21.38551,39.80043
1126658461,21.38315,39.79725
1126658476,21.38216,39.80415
1126658497,21.38683,39.80202
1126658500,21.38425,39.79616
1126658505,21.38629,39.80054
1126658507,21.38593,39.79599
1126658509,21.38362,39.79437
1126658511,21.38615,39.7934
1126658515,21.39119,39.79994
1126658524,21.38359,39.80072
1126658535,21.38618,39.80176
1126658539,21.38768,39.79948
1126658544,21.38351,39.79437
1126658549,21.3893,39.79832
1126764418,21.39781,39.78261
1126764424,21.39236,39.79134
1126764426,21.39646,39.78398
1126764429,21.39553,39.7997
1126764431,21.39174,39.79469
1126764435,21.39232,39.79465
1126764436,21.38682,39.7943
1126764438,21.39658,39.78469
1126764444,21.39753,39.784
1126764447,21.39158,39.79141
1126764459,21.40722,39.78118
1126764461,21.39533,39.7842
1126764463,21.40716,39.78177
1126764466,21.39037,39.79323
1126764468,21.39638,39.784
1126764473,21.39857,39.78286
1126764474,21.39545,39.78418
1126764475,21.39491,39.78374
1126764477,21.39425,39.79358
1126764479,21.39009,39.79592
1126764487,21.38967,39.79262
1126764488,21.38877,39.79025
1126764490,21.39802,39.78594
1126764492,21.39293,39.79568
1126764501,21.38902,39.7927
1126764503,21.39592,39.78308
1126764505,21.3938,39.79422
1126764506,21.39259,39.79353
1126764508,21.38746,39.79331
1126764510,21.39462,39.79024
1126764516,21.38922,39.79413
1126764534,21.39501,39.78372
1126764539,21.39159,39.79615
1126764544,21.3903,39.79251
1126764548,21.39707,39.7846
1126764550,21.39891,39.78564
1126764552,21.39001,39.7952
1126764554,21.39839,39.78378
1126764567,21.39182,39.79385
1126764569,21.38884,39.79098
1126764575,21.39521,39.7835
1126764577,21.39166,39.79545
1126764580,21.38775,39.79429
1126764582,21.40728,39.78251
1126764597,21.39151,39.79072
1126764598,21.39559,39.78415
1126764600,21.3887,39.78955
1126764604,21.39715,39.78995
1126764607,21.39414,39.78423
1126764610,21.39635,39.79321
1126764621,21.38943,39.79048
1126764635,21.38931,39.79485
1126764638,21.38766,39.79285
1126764640,21.39255,39.79363
1126764642,21.38749,39.79306
1126764643,21.39262,39.79131
1126764644,21.39403,39.78372
1126764645,21.39454,39.78963
1126764647,21.38942,39.79582
1126764656,21.39463,39.78434
1126764664,21.38744,39.79226
1126764667,21.39695,39.78389
1126764668,21.39496,39.78427
1126764669,21.3888,39.79057
1126764670,21.38676,39.79123
1126764678,21.39626,39.78332
1126764679,21.39788,39.783
1126764680,21.39303,39.79539
1126764682,21.39736,39.7828
1126764684,21.38787,39.79499
1126764696,21.39832,39.78577
1126764707,21.39218,39.79838
1126764710,21.4072,39.78193
1126764712,21.39182,39.79375
1126764714,21.39752,39.78378
1126764715,21.39347,39.78437
1126764716,21.39368,39.79579
1126764717,21.38746,39.79421
1126764718,21.39711,39.79008
1126764739,21.4084,39.78214
1126764749,21.39338,39.78386
1126764751,21.3976,39.78624
1126764752,21.40616,39.78197
1126764765,21.39379,39.79447
1126764768,21.3882,39.79274
1126764771,21.38742,39.79113
1126764773,21.39797,39.78352
1126764775,21.394,39.79822
1126764777,21.39245,39.79369
1126764779,21.38747,39.79353
1126764788,21.39118,39.79361
1126764790,21.39461,39.78949
1126764794,21.38975,39.79587
1126764802,21.39755,39.7839
1126764804,21.39088,39.79079
1126764806,21.40734,39.7819
1126764807,21.39567,39.78339
1126764812,21.39223,39.79557
1126764814,21.39508,39.78425
1126764823,21.39009,39.79039
1126764824,21.38612,39.79133
1126764825,21.39675,39.78322
1126764826,21.39457,39.7838
1126764836,21.39303,39.79457
1126764838,21.39803,39.78383
1126764839,21.38789,39.79554
1126764840,21.40822,39.781
1126764841,21.39466,39.79949
1126764842,21.40833,39.7817
1126764849,21.3961,39.78405
1126764851,21.39216,39.79624
1126764855,21.39247,39.79793
1126764858,21.39376,39.79524
1126764859,21.39768,39.7847
1126764861,21.40833,39.78098
1126764873,21.39848,39.78615
1126764875,21.40732,39.78174
1126764878,21.39491,39.78316
1126764880,21.40717,39.78083
1126764897,21.39866,39.78337
1126764899,21.39295,39.79376
1126764901,21.39744,39.78922
1126764903,21.3899,39.79406
1126764906,21.39206,39.79382
1126764907,21.38611,39.79057
1126764908,21.39581,39.7841
1126764909,21.39687,39.7839
1126808603,21.39674,39.77897
1126808604,21.39295,39.78039
1126808605,21.3929,39.78236
1126808606,21.39807,39.7803
1126808607,21.39334,39.78227
1126808608,21.39428,39.7819
1126808617,21.39386,39.78109
1126808618,21.39566,39.78146
1126808619,21.39395,39.78166
1126808620,21.3937,39.78149
1126808625,21.39527,39.78115
1126808627,21.39393,39.78265
1126808629,21.39588,39.78043
1126808631,21.39695,39.78054
1126808632,21.39392,39.78145
1126808638,21.39575,39.7797
1126808640,21.3927,39.78132
1126808643,21.39392,39.78005
1126808645,21.39683,39.77953
1126808646,21.39338,39.78226
1126808647,21.39467,39.78128
1126808648,21.39689,39.7816
1126808650,21.39448,39.78215
1126808652,21.39383,39.78216
1126808658,21.39476,39.78175
1126808659,21.3923,39.78053
1126808660,21.39554,39.78079
1126808661,21.39491,39.78309
1126808663,21.39637,39.78035
1126808670,21.39413,39.78104
1126808672,21.39476,39.78201
1126808675,21.39472,39.78183
1126808676,21.39536,39.77977
1126808678,21.39714,39.78141
1126808679,21.39408,39.78071
1126808681,21.39477,39.78209
1126808683,21.39381,39.78201
1126808685,21.39399,39.78017
1126808687,21.3968,39.77966
1126808696,21.39625,39.7796
1126808697,21.39397,39.78004
1126808698,21.39352,39.78298
1126808699,21.3961,39.7791
1126808700,21.39735,39.78262
1126808701,21.39405,39.78325
1126808702,21.39305,39.78091
1126808710,21.39816,39.78072
1126808712,21.39652,39.78062
1126808713,21.39322,39.78157
1126808718,21.39424,39.78259
1126808720,21.39561,39.78185
1126808723,21.39636,39.77958
1126808725,21.39666,39.77845
1126808726,21.39701,39.7809
1126816478,21.39003,39.7808
1126816480,21.39253,39.78242
1126816507,21.38954,39.78088
1126816511,21.38965,39.78087
1126816515,21.39057,39.78148
1126816516,21.39009,39.78005
1126816517,21.39194,39.78256
1126816543,21.39024,39.78149
1126816561,21.38942,39.78017
1126816563,21.38973,39.78172
1126816566,21.38975,39.78151
1126816568,21.39071,39.78258
1126816570,21.39147,39.78248
1126816573,21.39206,39.78334
1126816583,21.38888,39.77991
1126816587,21.39081,39.78169
1126816589,21.38893,39.77982
1126816593,21.38926,39.78174
1126816609,21.38908,39.78096
1126816610,21.38991,39.78009
1126816611,21.39145,39.78265
1126816612,21.39236,39.78145
1126816635,21.3901,39.78079
1126840839,21.39117,39.78041
1126840845,21.3906,39.78017
1126840848,21.39106,39.77988
1126840851,21.39067,39.7807
1126840853,21.39089,39.7823
1126840855,21.39172,39.78063
1126840858,21.39172,39.77974
1126840861,21.3906,39.78071
1126840863,21.39051,39.77962
1126840865,21.39102,39.78074
1126840871,21.39217,39.78035
1126840872,21.39064,39.78101
1126840880,21.39123,39.78073
1126840882,21.39202,39.78058
1126840884,21.39183,39.78122
1126840885,21.39183,39.78028
1126840886,21.39019,39.78024
1126840888,21.39078,39.78132
1126931230,21.38578,39.79546
1126933353,21.38469,39.78914
1126934115,21.38486,39.79207
1126934146,21.38526,39.7906
1126935491,21.39192,39.77882
1126935538,21.3921,39.77933
1126936944,21.38551,39.79408
1126937748,21.38286,39.79432
1126937774,21.39199,39.77925
1126937786,21.3849,39.79316
1126938450,21.3832,39.7833
1126938456,21.38527,39.79133
1126939414,21.38415,39.79065
1126941174,21.38428,39.79377
1126941208,21.38464,39.78736
1126941290,21.38271,39.78998
1126941362,21.38282,39.79346
1126941391,21.38532,39.79254
1126941748,21.3828,39.79271
1126941782,21.38347,39.79269
1126941818,21.39473,39.77833
1126941823,21.38418,39.79138
1126941859,21.39208,39.77923
1126941882,21.38349,39.79342
1126941888,21.38421,39.79209
1126941960,21.3853,39.79206
1126941980,21.39201,39.7788
1126942004,21.38534,39.79325
1126942101,21.392,39.77935
1126942128,21.38425,39.79303
1126946104,21.39082,39.78778
1126946105,21.3907,39.78632
1126946106,21.38803,39.78743
1126946108,21.39076,39.78705
1127039332,21.38318,39.78501
1127039392,21.38297,39.78377
1127039412,21.38329,39.78566
1127039468,21.38296,39.7874
1127039591,21.37974,39.78391
1127039724,21.38331,39.78576
1127039776,21.38267,39.78584
1127039786,21.38357,39.78734
1127039827,21.38146,39.78588
1128353726,21.38295,39.80713
1129764634,21.38597,39.81106
1129764648,21.38927,39.80711
1129764649,21.39032,39.80861
1129764659,21.39059,39.80738
1129764678,21.3865,39.80578
1129764680,21.39074,39.81213
1129764684,21.38988,39.80788
1129764700,21.3888,39.80675
1129764716,21.39009,39.80592
1129764725,21.3914,39.80884
1129764732,21.38486,39.81117
1129764743,21.3836,39.80693
1129764747,21.38966,39.80673
1129764749,21.39462,39.80837
1129764754,21.38607,39.80552
1129764763,21.38519,39.80603
1129764765,21.38822,39.80691
1129764768,21.38972,39.80648
1129764781,21.38766,39.80734
1129764798,21.38984,39.80889
1129764812,21.38489,39.80724
1129764814,21.38988,39.8062
1129764824,21.39285,39.80907
1129764841,21.38991,39.80617
1129764842,21.38441,39.8111
1129764870,21.39169,39.8073
1129764876,21.39439,39.80812
1129764883,21.38698,39.80607
1129764927,21.38965,39.80679
1129764956,21.39402,39.80917
1129764958,21.38963,39.81198
1129764960,21.38676,39.80672
1129765011,21.38571,39.80744
1129765015,21.38718,39.80782
1129765021,21.38835,39.80851
1129765061,21.39421,39.80516
1129765067,21.39373,39.80922
1129765091,21.3889,39.81123
1129765095,21.38709,39.80615
1129765113,21.39122,39.80712
1129765114,21.39413,39.80733
1129765129,21.38386,39.80583
1129765137,21.38961,39.80717
1129765139,21.38911,39.80631
1129765140,21.39419,39.80908
1129765141,21.38942,39.81183
1129765154,21.38649,39.80718
1129765156,21.38663,39.80806
1129765173,21.38593,39.80669
1129765178,21.38976,39.80849
1129765181,21.39421,39.80666
1129765190,21.39219,39.80524
1129765208,21.3947,39.80542
1129765210,21.38848,39.81098
1129765212,21.38522,39.80501
1129765234,21.38844,39.80648
1129765236,21.3941,39.80705
1129765249,21.38299,39.80678
1129765262,21.38516,39.80613
1129765266,21.39072,39.80679
1129765272,21.39433,39.80901
1129765274,21.39056,39.8075
1129765282,21.39142,39.80924
1129765285,21.38376,39.81085
1129765294,21.38804,39.80684
1129765299,21.39543,39.80358
1129765327,21.39177,39.8053
1129765330,21.38786,39.80677
1129765331,21.39392,39.80783
1129765332,21.38795,39.81084
1129765379,21.38557,39.80637
1129765406,21.38683,39.80772
1129765436,21.39081,39.80556
1129765459,21.38998,39.80733
1129765486,21.38672,39.81092
1129765490,21.3831,39.81038
1129765497,21.38836,39.80628
1129765498,21.39551,39.80323
1129765530,21.39139,39.80543
1129765535,21.3883,39.80693
1129765547,21.386,39.80675
1129765548,21.38733,39.81084
1129765558,21.38404,39.80742
1129765572,21.38317,39.80549
1129765584,21.38758,39.80794
1129765587,21.39045,39.80568
1129765596,21.38963,39.80846
1129787183,21.39845,39.81159
1129787184,21.41144,39.80789
1129787187,21.39843,39.81098
1129787192,21.40008,39.81003
1129787194,21.39891,39.8103
1129787196,21.39858,39.81188
1129787197,21.39841,39.81127
1129787199,21.39916,39.81017
1129787201,21.40902,39.80861
1129787203,21.39869,39.81049
1129787204,21.3987,39.81206
1129787209,21.41108,39.80802
1129787223,21.40826,39.80881
1129787250,21.41181,39.80776
1129787252,21.40704,39.80903
1134695599,21.40938,39.79905
1134695917,21.39538,39.79746
1134695966,21.3985,39.79546
1134695970,21.39765,39.79543
1134695989,21.39767,39.79527
1134696163,21.39296,39.78354
1134696227,21.39043,39.7939
1134696253,21.39054,39.79389
1134696752,21.40907,39.77076
1275671212,21.41272,39.80734
1275671214,21.41153,39.80378
1275671228,21.41107,39.80493
1275671230,21.41023,39.80266
1275671232,21.41143,39.80411
1275671238,21.41116,39.80473
1275671248,21.41017,39.80212
1275671249,21.41008,39.80201
1275671258,21.41147,39.80961
1275671260,21.41028,39.80246
1275671272,21.41146,39.80463
1275671278,21.41058,39.80465
1275671286,21.41024,39.80634
1275671287,21.41031,39.80227
1275671296,21.41149,39.81084
1275671298,21.4106,39.808
1275671303,21.41299,39.80993
1448785810,21.4019,39.7822
1448785811,21.40202,39.78291
1448785820,21.40219,39.78288
1448785821,21.40227,39.78338
1448785822,21.40238,39.78211
1448785823,21.40251,39.78282
1448785824,21.4028,39.7798
1448785825,21.40296,39.77977
1448785827,21.40305,39.78026
1448785833,21.40318,39.78195
1448785834,21.40327,39.78193
1448785835,21.4034,39.78265
1448785836,21.40348,39.78317
1448785837,21.40353,39.78263
1448785838,21.40362,39.78314
1448785839,21.40375,39.78183
1448785840,21.40388,39.78256
1448785842,21.40394,39.77954
1448785843,21.40426,39.78173
1448785844,21.40427,39.78179
1448785845,21.40463,39.78296
1448785847,21.40502,39.78218
1448785848,21.40515,39.7829
1448785849,21.40541,39.78158
1448785850,21.40559,39.78257
1448785851,21.40563,39.7828
1448785852,21.40592,39.77462
1448785853,21.40593,39.77667
1448785854,21.40594,39.78107
1448785855,21.40601,39.77719
1448785856,21.40603,39.77514
1448785857,21.40606,39.78147
1448785858,21.40625,39.78245
1448785859,21.40629,39.78268
1448785860,21.40649,39.7771
1448785862,21.40661,39.77448
1448785863,21.40666,39.78187
1448785864,21.4067,39.77499
1448785865,21.40677,39.77539
1448785866,21.4068,39.78259
1448785867,21.40686,39.77592
1448785868,21.40723,39.78123
1448785869,21.40742,39.77525
1448785870,21.40751,39.77577
1448785871,21.40771,39.77497
1448785872,21.40771,39.78109
1448785873,21.40784,39.7818
1448785874,21.40808,39.7749
1448785876,21.40815,39.77531
1448785877,21.40832,39.78164
1448785878,21.40841,39.77654
1448785879,21.40853,39.77725
1448785880,21.4086,39.78042
1448785881,21.40866,39.78054
1448785882,21.40884,39.78155
1448785883,21.4089,39.77644
1448785884,21.40894,39.77496
1448785885,21.40903,39.77716
1448785886,21.40903,39.7755
1448785887,21.40903,39.78047
1448785888,21.40921,39.78148
1448785889,21.40928,39.78187
1448785890,21.40958,39.78072
1448785892,21.40959,39.77483
1448785893,21.40967,39.78125
1448785894,21.40968,39.77423
1448785895,21.40969,39.77536
1448785896,21.40975,39.77464
1448785897,21.40976,39.78176
1448785898,21.4099,39.77419
1448785899,21.40997,39.77461
1448785900,21.41015,39.77462
1448785901,21.41017,39.77473
1448785902,21.41024,39.78057
1448785904,21.41026,39.77526
1448785905,21.41031,39.78165
1448785906,21.41047,39.78212
1448785907,21.41062,39.78102
1448785908,21.41062,39.77685
1448785909,21.41075,39.77757
1448785910,21.41084,39.77458
1448785911,21.41086,39.77818
1448785912,21.41093,39.77512
1448785913,21.41099,39.77888
1448785914,21.41112,39.77675
1448785915,21.41125,39.77745
1448785917,21.41132,39.77743
1448785918,21.41134,39.77808
1448785920,21.41146,39.77786
1448785921,21.41147,39.77879
1448785922,21.4118,39.77754
1448785923,21.41182,39.77872
1448785924,21.41184,39.77778
1448785925,21.41195,39.77944
1448785926,21.4123,39.77863
1448785927,21.41243,39.77934
1448795190,21.38699,39.79984
1448795191,21.38711,39.79796
1448795192,21.40383,39.80034
1448795193,21.40383,39.80033
1448795194,21.40388,39.8002
1448795195,21.40388,39.80048
1448795196,21.40393,39.80018
1448795197,21.40398,39.80053
1448795198,21.40401,39.80014
1448795199,21.40401,39.80054
1448795200,21.40414,39.8002
1448795201,21.40414,39.80048
1448795202,21.40419,39.8003
1448795203,21.4042,39.80034
1448795205,21.40496,39.8041
1448795206,21.40553,39.80259
1448795207,21.40582,39.80367
1448795208,21.40584,39.80247
1448795209,21.4061,39.80228
1448795210,21.40953,39.78698
1448795211,21.40974,39.78625
1465046363,21.40288,39.78275
1471733629,21.39627,39.78503
1471733631,21.39743,39.78324
1471733635,21.39802,39.78072
1485028622,21.39264,39.77957
1485028623,21.39273,39.7801
1485028624,21.3933,39.7791
1485028625,21.39336,39.77941
1485028626,21.39345,39.77995
1485028627,21.39373,39.77901
1555719092,21.38703,39.80951
1555719093,21.3914,39.80935
1555719099,21.38365,39.80731
1555719101,21.38356,39.80352
1555719111,21.40029,39.81393
1555719112,21.39585,39.81098
1555719115,21.38451,39.81043
1555719120,21.39618,39.81162
1555719134,21.3873,39.80823
1555719139,21.39435,39.81191
1555719156,21.39454,39.81143
1555719166,21.39468,39.81125
1555719170,21.38648,39.80873
1555719183,21.39532,39.81081
1555719185,21.38949,39.8088
1555719189,21.38319,39.80932
1555719193,21.38619,39.81005
1555719204,21.38469,39.80968
1555719206,21.38634,39.80938
1555719209,21.39445,39.8117
1555719229,21.38603,39.81081
1555719230,21.38459,39.80462
1555719232,21.38919,39.81002
1555719236,21.39579,39.81254
1555719255,21.39538,39.81074
1555719260,21.39529,39.81062
1555719263,21.39392,39.81278
1555719275,21.39794,39.81223
1555719277,21.38428,39.80417
1555719302,21.39639,39.81126
1555719305,21.38214,39.80223
1555719309,21.39735,39.81183
1555719317,21.3835,39.80799
1555719320,21.38252,39.80915
1555719321,21.39533,39.81071
1555719348,21.38335,39.80864
1834158070,21.39411,39.80797
1834158073,21.39432,39.80813
1834158075,21.39456,39.80831
1840518037,21.39565,39.80657
1840518046,21.3958,39.80547
1840518047,21.39584,39.80397
1840518048,21.39586,39.79977
1840518049,21.39586,39.79804
1840518050,21.39598,39.7967
1840518051,21.39629,39.79508
1840518052,21.39742,39.79024
1840518053,21.39769,39.78951
1840518054,21.39794,39.789
1840518056,21.39829,39.78837
1840518057,21.39854,39.78799
1840518059,21.39901,39.78731
1840518060,21.39933,39.78692
1840518077,21.39749,39.79043
1840518079,21.39773,39.78983
1840518080,21.39792,39.78936
1840518083,21.39841,39.78844
1840518084,21.39879,39.78796
1840518085,21.39913,39.78759
1840518086,21.4006,39.78613
1840518088,21.40016,39.78673
1840518090,21.4005,39.7865
1840518098,21.40065,39.78643
1840518100,21.40083,39.78641
1840518101,21.40096,39.78644
1840518103,21.4011,39.78653
1840518107,21.40028,39.78534
1840518119,21.40031,39.78631
1840518121,21.40046,39.78614
1840518122,21.40053,39.78603
1840518124,21.40054,39.7859
1840518126,21.4005,39.78581
1840518127,21.40043,39.7857
1840518129,21.40034,39.78559
1840518131,21.40024,39.78554
1840518132,21.40014,39.78554
1840518134,21.40003,39.78556
1840518136,21.39991,39.78565
1840518137,21.39961,39.78593
1840518145,21.40063,39.7856
1840518147,21.40049,39.78545
1840518149,21.40038,39.78537
1840518150,21.40015,39.78535
1840518152,21.40004,39.7854
1840518153,21.39993,39.78546
1840518155,21.39975,39.78561
1840518156,21.39954,39.78584
1865903488,21.39678,39.79328
1865903491,21.39706,39.79331
1865903504,21.39723,39.79142
1865903507,21.39727,39.79318
1865903509,21.39746,39.79226
1865903510,21.39753,39.79194
1865903511,21.39755,39.79235
1865903512,21.39762,39.79157
1865903513,21.39764,39.79151
1865903514,21.39772,39.79211
1865903515,21.39782,39.79155
1865903516,21.39795,39.79098
1865903517,21.39819,39.78881
1865903518,21.39819,39.79118
1865903519,21.39828,39.79195
1865903520,21.39858,39.79053
1865903522,21.39862,39.78947
1865903524,21.39863,39.79013
1865903526,21.39877,39.78915
1865903528,21.39889,39.79119
1865903530,21.39914,39.79075
1865903542,21.39916,39.78915
1865903544,21.39917,39.78795
1865903546,21.40057,39.79188
1865903548,21.40059,39.78775
1865903550,21.40065,39.79071
1865903552,21.40078,39.79045
1865903553,21.40089,39.79037
1865903554,21.40108,39.78768
1865903555,21.40124,39.78993
1865903556,21.40128,39.78988
1865903557,21.40148,39.79183
1865903558,21.40159,39.79023
1865903559,21.4016,39.78946
1865903560,21.40219,39.79091
1865903561,21.40237,39.78576
1865903562,21.403,39.78494
1865903565,21.40317,39.78665
1865903566,21.40319,39.78558
1865903568,21.4033,39.78555
1865903570,21.40353,39.78675
1865903583,21.40394,39.78541
1865903586,21.40424,39.78695
1865903588,21.40433,39.78796
1865903590,21.40458,39.78527
1865903591,21.40473,39.78594
1865903592,21.40485,39.7866
1865903593,21.40488,39.78384
1865903594,21.40492,39.78714
1865903595,21.40507,39.78447
1865903596,21.40526,39.78511
1865903598,21.40539,39.78728
1865903599,21.40547,39.78578
1865903600,21.40563,39.78638
1865903601,21.40587,39.78741
1865903602,21.40592,39.78721
1865903604,21.40595,39.78496
1865903606,21.40608,39.78663
1865903608,21.40614,39.78562
1865903610,21.40888,39.78809
1865903622,21.40905,39.78748
1865941784,21.4105,39.80259
1865941785,21.41054,39.80233
1865941786,21.4106,39.80282
1865941787,21.41065,39.80384
1865941788,21.41086,39.80316
1865941789,21.4112,39.80358
1865941790,21.41147,39.80396
1865941791,21.41155,39.80352
1865941792,21.41209,39.80487
1865941793,21.41217,39.80332
1865941794,21.41231,39.80571
1865941796,21.4124,39.80332
1946610876,21.41273,39.80746
2157633435,21.39745,39.76937
2157633441,21.39764,39.76981
